0.18829870022395656
0.1883282755797761
-0.18362166934913057
0.058983394011224516
0.28614928889280344
0.12401744530963041
-0.16165101619035158
0.041892977905843995
-0.09104205689180678
0.2083664209610568
-0.6965008279780275
-0.7154850174164592
-0.26832304759048553
0.14559383482917926
-0.35192324648831563
0.045596820134386026
0.3475050393347715
0.3269559427089288
0.24658037451729903
0.5261942023822441
0.5462244345398718
0.48321349582075446
0.6004759886138391
0.6041145275046889
0.6990215108278083
0.619537284056656
0.8411811697255256
0.38872707138488793
0.33908928537497335
0.262257624390126
0.06173049050703655
0.39335258652572735
0.3724527600813464
0.5683359913514484
0.5368593175321948
0.31051851858848134
0.6014531492175154
0.3760145443895501
0.41795848828314
0.41868563332329756
0.45897236307180456
0.7650154357321146
0.557389109584869
0.2721705974846014
0.2884685251216704
0.022250671684791723
0.30804176806463096
0.5245030450275826
0.599447233344835
0.4555797883352958
0.28308368967285835
0.2072704648542214
-0.17493561097979451
0.3131048791795072
0.10027366162488911
0.2744018577770251
0.23206477426624172
-0.016600480977578325
0.5354125523592701
0.5265500756607788
0.4874872529845229
-0.0016184159168155243
-0.05984945141876083
-0.10748232092780527
0.16574789418536964
-0.20026292006555932
-0.08903052232807451
-0.3640206400756515
-0.7101692735398298
-0.44366698933642035
-0.018073585551783317
-0.4290388453030377
-0.05997093034550269
-0.09868469517983391
0.4386133677345667
-0.26172390620138264
0.025278376851221265
0.468521803470605
0.67390347924635
0.5714250265496765
0.5674467187606088
0.7367501410199285
0.6861001411425462
0.3518140010319889
0.7061506715220477
0.8777539609759489
0.9630024944893917
0.8707739622643859
0.8398341948580461
0.9078686652849316
0.9497778437732167
0.853832239561999
0.7104719092571075
0.7177899151245983
0.0074058567871951725
0.32257771375520583
0.5368868244853884
0.5962376181352605
0.6922814544895795
0.6418739862859895
0.7022394902350285
0.6798598114856149
0.7920588887520982
0.5601334581351267
0.6361401323444982
0.8181977771444955
0.9310392752072499
0.9024255479144792
0.965937637074862
0.7349810903075357
0.7792424427008843
0.7171367276988059
0.8864111945335696
-0.23656854360935856
-0.5929930594240788
-0.5491272764315606
-0.5226858805491704
-0.29205022315948304
-0.2158053893467948
0.0634386599463149
0.2615095902771839
-0.034334779462165066
-0.3504664565043283
0.16047688176878705
0.04900104134211859
0.11784939404359394
0.4119273306308504
0.6521563871857353
0.8228479744349534
0.49546142780735847
0.8577395996798561
1.073569633992755
1.0333199572427647
0.964187701821341
0.9546627884996
1.1436136536366917
0.6838137209700291
0.8011802619921505
1.1141642620322454
0.6036884593228226
0.8382251269798912
-0.8864585944355272
-1.1008451661257468
0.3740018587875064
0.5804465372707514
-1.1811044777815634
0.4256765986409303
0.3780747847425835
0.5548250328059309
-2.1246243376744545
-2.825276386759471
-1.6412524797751455
-1.145591054784296
-2.172931134970546
-2.1045902862301817
-2.895493101827877
-2.1909823269843742
-2.07508481733688
-1.9326890341864729
-2.4743478908693652
-3.9481912972716113
-1.921735637738797
-0.37165407655646043
0.052871973742296074
-0.268357030801312
0.15257371995528946
0.5583092339842467
0.5954837389143617
0.8087221666814349
0.8711302180736432
0.998915770961638
0.6762332292729512
0.5344904116370085
1.1309905696903892
1.0368458752552225
0.8869179069962401
0.8820392727763079
1.0887206321910514
0.5348891707835541
1.0057927995125044
0.7022752807119789
1.168973497958097
1.1519813659143396
0.006378798178761302
0.7387880617126704
0.7270085519705477
0.8040169707429641
0.1007871844980992
0.6556445168414236
0.4634357161712437
0.6249135745595739
0.9011056554758303
0.6575205610551
0.43020739680971376
0.5727990173895627
0.2531289074673176
0.03865805986257584
0.22545881747164814
-0.8681471808304836
0.004932058376345597
-0.2728323836711185
0.013625810705638827
0.22455933769546516
-0.41589301192990624
-0.42752340218744367
0.011966121707581531
-0.2491290322688204
-0.23086635797668162
-0.5485165015932305
-1.0081367826939118
-2.582642020150563
-1.0817571298304756
-0.03989168219058806
0.14078758879259815
-0.15029119625447504
0.2698322431854232
0.3705935852901743
0.3241407771190838
0.4044203651105037
0.3585620649286889
0.5984609956586032
0.8547459134009727
-0.34644952892094616
-2.264269583271302
-0.546357806376504
0.5099795229776505
0.29767510161558536
0.6625149933446216
0.3196499353263629
-0.03002663905406447
-0.19491460952742543
-1.1117741569465116
-2.0646879034559915
-1.8045050440872228
-0.9162841456053634
-0.5529091172168025
-0.8894118538122922
-0.1390933209813068
-0.02018625943010327
0.0847917170500911
0.3911853908526459
0.40390377570301905
-0.6380445803021256
-1.7369325954288422
-1.9647021014399153
-1.2844830464558252
-0.8108654009965777
-0.3203799080729529
-0.7003294580263433
-0.3392803811180638
0.26466354656868357
0.5485708568284811
0.035643762705375004
0.30099835801883473
-1.0200944313845892
-0.1281346890135391
0.051353154060755996
0.34676321407068367
-0.4725198856873434
0.04529889486444447
0.32175853953972455
0.39872405303085845
0.7230873807534524
0.1922513935087775
-0.14582165874893602
0.903754093991361
0.9664615291794423
0.4526353063603251
0.33587648914919854
-0.16903108710221124
0.5401365225147574
-0.19045820572334113
0.03229845938186392
0.010801626423756677
-0.365385800121626
-0.5409237326122338
0.000494601188277044
-0.5443835777260598
-0.7954625793264871
-1.0151109493606958
-0.35366889716671457
-0.9003737721584886
-0.7931388212076307
-0.968582255681776
-0.6268834823787279
-1.0584898755591825
-0.380239881325219
-0.2514045430936528
-0.09976979277929435
-1.3185124290138488
-0.3103793155229658
-0.5905198676216888
0.2025105851854893
0.5078462477704363
-0.014165301269417785
0.277403113924964
0.23620875324438873
0.5599377667844784
0.6693286093235553
0.7519013911265776
0.28765807246182146
0.6208590572042401
0.01739138165962764
-0.7140554174738193
-1.381395076447526
-2.115341939680668
-1.167697042348288
-2.531294910319857
-0.4090881080234757
-2.6280594832665733
-1.440686368988878
-0.47818671804445556
-0.622148500004562
-0.21922123821512443
0.17208657580101633
0.17054198837226722
0.4572302648437827
0.3929034902539117
0.522517360827182
0.3954055672201544
0.12321806159384266
0.3104819081481818
0.6412437833074767
0.74780355084876
0.8654526630252908
0.44419324488031364
-2.1965573762205244
-0.5590055623176907
-0.005344774811973041
-2.495633243855822
-0.2957332077267961
0.14636120003701933
0.08596710202067066
0.09857367834303417
-0.012022629751605007
-0.2751407201235506
0.13517898399531114
0.37038558131473376
0.3900972143949989
0.19604111498100646
0.21543410810543873
0.21340271081312312
0.6156418183961804
0.8136325029471344
0.43439699820226274
0.80734904262662
0.8935681324525934
0.45795522238053343
0.6366597386517688
0.40882970849111
0.41447358139369683
0.11366097248994392
0.478311335654404
0.7285220026599086
-0.5536743444789077
-0.2956316253089305
0.3159905785591821
-0.38169021882285337
-0.09698275466939096
0.780731002971823
0.8467196732124034
-0.281708410473692
0.22662231731306254
0.6127690281999774
0.32498280483201647
0.7312124144290916
0.6741213327857093
0.47657195003059993
0.08963348271196343
0.8450396211167593
1.5132097134190947
0.3050168419864814
0.6404767229381361
0.8534932860905003
0.9163205373966435
0.9745699154131917
0.8351783469887287
1.0377031734857216
0.9107836757741307
0.2969646358291953
-0.206723500720605
0.29092553703862195
0.6465211821861934
0.7223745372356037
0.7864207971707009
0.3215552537182868
0.8161260688217941
1.0079129054916025
0.6941250855978475
0.8808950104206903
0.8676056117881384
0.3874653059850287
0.621738089017042
0.48642040629266226
0.7617661584772356
-0.26366882745011877
0.35225259076874194
0.781605345441602
0.6310218986194946
0.46901138814414534
0.06314650305385329
-0.6861801406103805
-0.0922260218062021
0.25482476279102484
0.6428918311690979
-0.13089620350668965
0.14864735812941068
0.02692361820662638
-0.2947862810569989
-1.8168013311818616
-1.4957417760431575
-0.3948069775188041
-0.1459580880237815
0.2967451886492699
0.019956778500590883
-0.5691968001165799
-0.4043038817052875
-0.1408187976859366
-0.29414289734205623
-1.7427524467026132
-0.2707798942640216
0.04742621843000723
0.07378390029210567
-1.1847155124737074
-1.2310998583946078
-1.3918405268986898
-0.9337696326366309
-0.6325645777750054
-1.110532071033408
-1.8792284272572328
-2.3070254431454953
-2.3019633473867915
-1.8565122838278139
-0.7109794457275853
-0.36172495786872594
-0.08331919099111429
-0.2933867844526523
-0.37949038338099284
-1.0549742076832087
-0.6016131936933553
0.11255321613679597
-0.6201947735089246
-0.5957782650622045
-0.24284351689393488
-0.03410033775528548
0.4941390531672425
0.37817910148462275
-0.5713230141642444
-0.19820251416173193
0.26882094451673444
0.4938400793518867
0.564462421234875
0.6719011265875128
0.5471281132852918
0.7053701353097881
0.6596068222004987
0.44727299876638127
0.6285194568553555
0.3607676026167505
0.30912583149694994
-1.1852266557799036
-1.9413694475194208
-1.1681438983020829
-1.194005250220936
-1.7071142761938007
-1.179847533344558
-0.15996994019974678
-0.9005157770580847
-0.5916917078243901
-0.562461389631034
-0.649115372040852
-2.1273080033502585
-1.4053016630297257
-0.5723461850903244
-0.2897884874466655
-0.23274658605663437
-1.4829590317556023
-1.3980794074892073
-1.3657304616020407
-2.1379634244651515
-2.4149086479911848
-1.6793594706350667
-2.3809392487809946
-3.336219986233739
-1.123351246913857
0.15032550792660557
0.30828025270485326
0.025131824888714432
-0.18658150322240993
0.31856187189021323
-0.14645790772437148
0.06659758718103106
0.5020004536990827
0.49751600232035287
0.4472114632568247
0.69083230807555
0.37830160830775317
0.6349689418558128
0.555233191743149
0.47737775885595035
0.7341781306167782
0.22669259382260604
-1.2178171880962436
-0.6750040642363495
-0.3643935685566655
-0.03523780820338501
0.0010877802631736877
-0.9654238775624464
-0.6616439571785495
0.3690209461668972
-0.16527749025346491
0.5991404603736399
0.7636250660073183
-0.23903902157865906
0.6597919245155979
0.5831573836632764
0.8164433322217775
0.9949260971193866
0.9776713892302112
0.9392815818013804
0.7687383893094692
0.72235781571438
0.48508866159432473
-0.30929517631710124
-1.607979927125507
-1.0074170668197928
0.29334041352410045
0.6595852482705963
-1.6048035836917844
-0.7599826386368203
-0.4198573334310677
0.21503724091738713
0.4189938804950082
0.4549921263436987
-1.7074579213835333
-2.3315643891721134
-0.4772129896357906
-1.772387857047132
-1.2510473024145508
-1.9933029487449738
-3.417042391829115
-0.9977171753632825
-0.5179978246013843
-1.0026209686449878
-0.17740743828754937
0.3836747864888794
0.3313750769480885
-0.1230886387140269
0.2800737536445582
0.4930625641944758
-1.1808105290867548
-0.32449082340031377
-0.15439161270415694
-0.23995632830404665
-0.6527774275299301
-2.248847412855278
-3.4121951944943922
-2.205763908579379
-1.6185808325123596
-0.7784146402115573
-0.269713911987443
-0.5367640950518248
-2.156232901967936
-1.1683560615848063
-0.2651679051860728
-0.19201863227420748
0.1693313536996
0.4337459068074917
-0.12929420967649022
-0.8227994175708201
-0.8584213820828758
0.23156350023424685
0.5285934446083947
0.26529561126880175
0.4656004738212749
-0.14133058499404968
0.26410458177378265
0.08101117694306206
0.13978657729867497
-0.06679850796393885
-0.4605114873130599
-1.6259366419620074
-2.3518847838244996
-4.042278435981405
-2.691563390152406
-1.220773967371432
-1.130094707398138
-1.8608250598839775
-2.3901646982210414
-1.3705429083095761
-1.9706978325155668
-2.9840290511579846
-2.0357835409030827
-2.316094965404225
-1.494212738491355
-0.04024929006913852
-0.8294009415925648
-0.18189520074457646
-0.07557226877968204
-0.7527855737328202
0.2987358924151308
0.03425269017253536
0.5555996957898366
0.7351692546883434
0.7993390274823723
0.3986234210236642
0.05837335599312812
-0.9709990578281122
-0.15825533655162086
0.06870447869858101
0.31795541303296265
0.17324411891105715
-0.42829628124731756
-1.1313407122027495
-2.6148246093477714
-1.2263216707170643
-1.2107683209201454
-1.233734225137098
-0.9689365545855877
-1.5693587061704606
-2.472047525061784
-3.7319532070750046
-1.3926332426753274
-0.7442397505932515
-0.6951911731398159
-1.852086235922745
-1.1262163579805273
-2.199339594254221
-1.8576310641297933
-2.0540494629106854
-0.9977270395930651
-1.2694380911683236
-1.729393008419378
-1.537397117006357
-1.9222036219105598
-0.4432780482481842
0.023446438957198695
0.33013927257188025
0.35585413663220544
0.3053495714273926
0.3308607503065334
0.3895862910408544
0.15415035659677012
0.4038204989969676
-0.4813455277310972
-2.472077371660136
-1.8406207830753982
-0.8299287481170418
-1.2650104311131596
-0.9926542292666347
-0.9056687884849672
-0.5662979493314
-0.993062012417719
-1.058845214451577
-1.244780717653226
-2.0904818924295334
-3.1265756695279237
-3.02079871813622
-2.2506947934787247
-0.8567285446091969
-0.5514895585624947
0.010208215724031397
-0.2726704268892207
0.09464892339459503
0.1918661378967646
-0.504686110844033
-0.03352169659948159
-0.11530270477782231
0.3404615022553025
0.09326699343635719
0.38269424126718066
-0.05959029840592081
0.3627445130346434
0.4545547841668812
-0.06430028256533599
0.24034339974958252
0.4017308434580824
0.4385068122531691
-0.5413425785196972
-0.18715533995092923
0.1337659503591108
0.3340467000480831
0.4618063432197158
0.5904605575589724
0.19187641639241604
-0.23141526614007804
-0.4072261192777117
-0.39715209871891377
-0.36023550195706777
-0.3194658556566691
0.35950410261603416
0.48957268857973524
-0.232204268460697
-0.5147631426480677
-1.9513632635355183
-0.0812088579215402
-0.1288837015738938
0.1354950221790734
0.082414008013818
-0.11220670676897121
-0.5645274637826478
-0.6104654920725991
-0.8331004228724233
-0.0940662843036219
-0.36994645801574677
-0.10652413245794226
0.18622572920756125
0.42726287290381104
0.3751805939122046
0.31574357818779253
0.35085486558669476
0.19583815771214388
0.23267405835416563
0.054134524697569186
0.28663946672386614
0.32538640098826255
0.4998598946655681
0.21273806707712484
-0.25207577303302364
0.22792380250915828
0.3981060723882639
0.1792091052098398
0.05368435309876621
0.01102932831955565
0.39410151710602537
-0.13359533768173062
0.0842209918009651
0.2569474536901277
0.13858385687523614
-0.8017832371494101
-0.2217663103264755
-0.2409465961906385
0.02346666659515674
-0.0016998589467256686
0.0012601029640994799
0.00467431519629144
0.06072689149010718
-0.08418812397276429
-0.3906718764636311
-0.560073405074882
-0.2657456884496536
-0.9930498196419404
-0.0359315317802055
0.49108368346096354
0.393421263112102
-0.26266948847693106
-0.6214518906681763
-1.2264463285051936
-0.36311528589546094
-0.06252038806497928
0.19649913409114372
-0.0598270612792392
0.162576137726433
-0.35284332870762225
-2.0788762498028084
-1.6468343722444263
-0.4370566262402167
0.15228077575507676
0.05988014201929341
0.3538511716695351
0.014187950986278619
-0.10702189548241722
-0.1767825690336511
-0.017146305487631963
0.1351062658236631
0.09687303152505257
-0.5211301934254773
-1.1377831056593575
-0.15601517664183964
-0.24198347711199
0.07485410351418284
0.03703476966908216
-0.2587945180614448
-0.08093666346554024
-0.14222608072244405
-2.1300375620722396
-2.1298471154573093
-1.5311542954904094
-0.11475731379951146
-0.06803463591864026
-0.2309146727362165
0.33502428318144395
0.45528215682670214
0.5221558901651887
0.2505514916354843
-0.26379890406199513
-0.46564718711593234
-0.23691514988728404
-0.7671193032050888
-2.319736195696537
-1.5076227982267927
-1.1784196086551582
-1.0177835440594067
-1.758072373204746
-2.8769170119950123
-1.8153981796988905
-2.258554595052662
-2.5513183707486715
-1.1302445017692175
-0.20021866663242774
0.19077264243117462
0.17436862406430692
0.3462521849069211
0.2780048981833384
0.23639265990217628
-0.6336986978298617
-0.6532006264665852
-0.006810048051972634
-0.006754119412841347
-0.42076013432910975
-1.7871106250844742
-1.1556058575252814
-0.021388831636205946
0.2407750490505995
0.5987715135242256
0.5306932812606441
0.35441914047399115
0.634831823287971
0.7359023653788391
0.9014041271009301
0.7886918677901602
0.4584694800412956
0.6808752081422107
0.6937535261153386
0.8513753161431136
0.057715000299561184
0.504337144381814
0.48129486370869456
0.6526610665600404
0.49345209073724494
0.4375720374678439
0.36484299001169895
0.6029554657736425
0.563254493007395
0.27759909965546864
0.6096465682900244
0.07146558481709328
0.26864032639945823
0.29667631597488453
0.05613171199233695
0.48350541024843097
0.658118450978647
0.6551843322994116
0.1765039465824643
-0.2634125120973011
0.0564031104082222
-0.5978205735314998
-2.1230440366189662
-2.9865032258619864
-1.072024013476744
-1.2701037685139143
-2.65268119917412
-3.4092759560006973
-0.7436896346845194
0.05057683991221787
-0.2008528230235194
0.23546645115428844
0.3418372724667297
0.3286580766007434
0.3040526324342948
-0.7855562417584804
-0.6729725287876746
-0.0028973972893341915
-0.06404186606349943
-0.18282964328455562
-0.0017340537921897436
-0.4953730437546805
0.024098244701353577
0.1196934779291032
-0.6835198494808404
-1.7116495882253013
-0.9308478485126386
0.24465870963272424
0.21732891763553536
0.2384706160623249
0.5358094928408733
0.6615101180168919
0.20282450584658415
-1.0555191419966528
-0.3624314132371098
0.054771561043707145
-1.1995638033204952
-0.2773142899303338
0.1419753328710285
-0.11619898194101166
0.2966267232429689
0.21213948821304685
0.21079984345558167
0.503130225970741
0.28090082411346634
0.2991426209310669
-0.06299772964725403
0.35456757563745417
0.07226472773571035
0.17876114610360383
-0.0769710609544828
0.23279789853850782
0.3145471508971913
-1.3545307173185361
-2.508710754722396
-2.5698821139839634
-0.9202619498193501
-1.4579105545267863
-0.14102753074417693
-0.24907585350902997
0.09420019380803377
0.08828923108963896
0.15388478597756278
-0.1307414675853392
0.08792868597801841
0.08760532028333845
0.08581730680687494
-0.8176929584270045
-0.30876655724940205
-0.42667212356726847
-1.1072447791762936
-2.3303036689505396
-0.857202792911223
-0.20651961745851657
-0.6474572451303485
-0.5005857046500358
-1.8864847758751726
-2.305389631472015
-1.618678406034152
-0.3823472678035693
-0.43695231043931215
-0.16190513343421145
-0.4802018418499645
-0.4299832726333258
-0.13431442310500272
0.08019075726732669
0.2141971304170537
0.19356999365922695
-1.203511652012148
-0.28081018045458583
0.18555018910559984
0.21810809339565634
0.3631604174372517
-0.18966158734045516
-0.5134150095898377
-0.7107478551518126
-0.9719894243115286
-0.7620757997699723
-0.4667471873882222
-0.3854881690566485
-0.49265556815370126
0.0978639636473107
-0.08148263532330771
0.446667661517433
0.8191319432222735
0.7137807062011227
0.8623653460028928
0.7380712331507621
0.8025128102650544
0.6104141056136646
0.19172613528559806
0.003634198250362944
0.22748122016054284
-0.2725301240518514
0.2249710399768759
0.1338157097100568
0.2977065157273182
0.6162672383467226
0.574303021734661
-1.03405173385559
-1.5853208918941613
0.08234751728747586
-1.066907388965599
-1.1843252542309515
-0.46042454391816046
-0.9474030182875033
-0.6481670549242992
-0.1424025406301279
-0.19295794548718134
-0.28542935270515657
-0.8070949528534261
-1.0791480751620248
-0.7109998560119064
-1.594294301110752
-2.7360240852706217
-1.5587535225776148
-0.08715554606610121
0.22922654929245267
0.15538549217572273
0.37241684731905456
0.5001094046424517
0.6265979726505699
0.6308662639064614
-0.024902355463954168
-0.8681529806084124
-0.056659051845580816
0.3183004317339131
0.247921478061706
0.19947028232925465
-0.710019526157985
-0.1526776328737002
-0.24027046633764607
0.21359755609801817
0.5593369926939964
0.19599155507014435
0.6072934579831522
0.4266207831454345
0.38009162614439207
-0.12609071002273767
-0.7757393707762062
-0.5513181871403622
-0.6385180730000226
-0.08822382250217309
0.08382410702676785
0.5784122572835416
0.1897087550031938
0.598678126797322
0.8162871814499727
0.9486721676725847
0.8536289505855053
1.007206049443941
1.0508535652424869
-0.20051290886117293
0.771049198709229
0.5509734539343172
0.7074947561845614
0.30028697726171383
0.24031914331196763
0.47982247810580037
0.27324026066109885
0.02223256925374449
-0.08673754511599582
0.03366861695491917
-2.2150193273118632
-1.5336301197818951
-0.2069855049596824
-0.14824866199549683
0.20544331685968015
0.47105765932661925
0.5412771496102052
-0.6534688841556056
-2.338468759919738
-0.8387715370388288
-1.5475913961441516
-1.7316722214331068
-0.591019339240735
0.3307405858369856
0.5863591403943447
0.3457821780417235
0.27371761818775153
-0.48534535092697917
0.10110533740623953
0.3284965392300463
0.22929269801361504
0.31091633685528197
0.4928711169048099
0.7029120401825251
0.3479534589602078
-0.09900683243120936
0.15803405329149445
-0.7839478638927811
0.07384089166158939
0.30645975415108095
-0.10241527983687729
-0.5222828175696232
0.2644182437805165
0.3982398445685106
0.3643838520320307
-0.5443194822118429
-0.888831728839486
0.5233811270495021
0.7080820765825214
-0.38560092793014955
-0.5233901437296652
0.1492390595668341
0.5959619381844631
0.6941324030565903
0.4289055572617497
-0.5761713428772833
-0.11576681100702005
-0.018896842199514846
-0.1606966309839203
-1.3041467344950148
-0.14954257797772816
-0.1769817178010927
0.29441329709048064
0.06982699526409511
-0.49890962639837755
-1.1431657059538047
-0.04255009262992904
0.5273495006534047
0.4958967989050017
0.4827115400815748
0.7659769232680342
1.1794873830284096
-0.14525336617787635
0.49066189340699073
-0.34961334049059956
0.39636546741659306
-0.18252083082097162
0.7263459355080616
0.4752903337184503
-0.495289973960941
0.1060141921495459
0.21080455992876707
0.15334157680953056
0.35681452688134385
-0.16710496496683477
0.806412873736445
0.9618445283341931
-0.010672285230284212
-0.4269565423991134
-0.7862420263703984
-0.9740060671669859
-0.6930816163770237
-0.7592236697288105
-0.06883224263600338
0.010812144505162866
0.2468548332966689
0.2441680540128935
0.06336706542473372
-0.30800784444076745
0.3019495544208445
0.3101947134235638
-0.1137129677001267
0.39902124338172784
-0.014519190507611884
0.49405449922276923
0.1008948972782085
0.5004224329402612
-0.299217612807373
-0.5195385202514238
0.06373067175980546
0.08465489777804311
0.15627481960458361
-0.2590602102725059
-0.5612329963573002
-0.17359080710801525
0.3709938833240265
0.4569024511697062
0.7197898021233126
0.6235948568408477
0.302038575326916
0.6297722201904612
0.5951684486875165
1.006615122366071
0.5669797944961696
0.6062487828804001
-0.759747842323949
0.04249898068209615
-0.7293155496212798
-0.0904406723518563
0.2158955522920084
0.39459696346783657
-0.1833065259579291
-0.8161411122924973
-1.7147045378079797
-0.6790879230124387
-0.022739983446618484
-0.11093236017601471
0.10197111120443526
0.1773482984242895
-0.2214130200408149
-0.2265835482328917
-0.040800517202022824
0.1888807553671258
-0.16277070888335257
0.4957123376821353
0.2543389022059579
0.8485192271138203
0.8952850347757028
0.9678544134413138
0.9238402860512303
-0.07443368496998864
-0.2706409769272027
-0.07437092197746883
-0.06094067259819061
-0.1764398146295165
0.2934504281906891
0.5418388777152863
0.7845300983512257
0.8439845989002406
0.9108006530258999
0.8375913236301655
0.4636530854797474
0.7677170271386099
0.7578242526761988
0.6478332947508505
0.4299464749298304
0.4736025264760447
0.2234487276262119
0.260332648628102
0.5286501697642316
-0.45138048742551495
-0.08538224152448634
0.1760593262660785
-0.3772945974169263
-0.3770277628951991
-0.3871134321578502
-0.1673740657496178
-0.6577848531695467
-0.22543726716910897
-0.0238064587351976
0.2299702022675895
0.1716466515980905
-0.0822564935636701
-0.12514928510391957
0.11010191795831087
-0.3479125752951471
-1.0192608822815765
-1.5425927940551603
-0.9157643289017896
-0.7835262783369212
-0.3532683207790591
-0.31949625341647037
-0.4395966347899385
-0.6636967474896334
-0.6915810945694655
-0.3066781456769966
-0.08842308044211983
0.04092468081008342
0.3279859042379407
-0.07046480548285669
0.018707427314250707
0.040901663878486344
-0.44389133454425933
-0.24405868155401736
-0.44458780978113466
0.431135637249237
0.5007456645872496
0.5503972930698471
0.5800027641321145
0.6313613930388222
0.24929933067909793
0.5678510699774713
0.44111822203142714
0.5808126647289917
0.6595864243403156
0.35833393552976767
0.44728828826482914
0.48476695384580315
0.3506102931633669
-0.22392592305254913
-0.24001569477763582
0.03798843381265764
-0.2660392425548789
-0.14681489762021097
-0.07281776825430303
-1.3330009989688716
-1.4666247640494476
-2.0656927273037144
-2.565584955937458
-2.522488686681129
-3.167028587058579
-1.8694253738086166
-0.5172178112823999
0.10138802430517002
0.194829498771556
0.43430579389611235
0.33241076248967993
0.4083508237382433
0.5620343404480017
0.6036168077922767
0.36444029874997563
0.2542629659222664
0.20024201840888617
0.10836048255892435
0.376163835840325
-0.20831812063346708
-0.1173129976873016
0.31124037721101316
0.22113969759373953
0.12355379509834329
-0.4085007492470528
-0.12318762145531162
0.02543191812623881
0.42215974724092187
0.47522093822546707
0.5751211319220599
0.7105434030250533
0.511959268957996
0.42714944854711323
0.547174404216224
0.4917007637962906
0.21222248065701216
-2.22562489198274
-2.1278289677148
-2.1817508535820505
-2.1386724242022384
-2.0347931824184284
-1.9633753927852322
-2.246481167510832
-1.9971011460786816
-1.8071806506947081
-2.016383782619426
-2.006592788186443
-2.387995938417093
-2.5617350518958832
-2.5170716915795635
-2.872594835843963
-3.179883988115123
-3.5652001914575986
-3.997475172088281
-4.183048218265541
-4.2399780237470805
-4.505212243763562
-2.9765165099784476
-2.3128900078252683
-1.9003604416608162
-2.4049424287706933
-2.037819287155535
-2.4816963661190363
-2.7499237878131946
-2.135191433437711
-2.826299294298815
-2.550453647716751
-2.4456452882080444
-2.197671279432395
-2.1008029145513114
-2.1906665087949255
-2.1593084709329213
-2.381597519728575
-2.2274135373868775
-2.1954353176647254
-1.9235881495937879
-2.0204480582492805
-1.8944842487322628
-1.8268250574499985
-1.7775080403789039
-1.868430535982918
-1.5845949008803508
-1.5892601094594967
-1.437063999994205
-1.5123039280125368
-1.495937956405658
-1.5858950388559014
-1.6993507365772216
-1.627178203984379
-1.651401278133785
-2.4619349407875277
-2.5253915083413196
-2.2167904892686616
-1.7858974373151695
-1.7829619493833424
-1.8512321150239666
-1.5632573775783476
-1.5833429346771941
-1.6338952764461163
-1.5437752007327252
-1.5606571863193275
-1.9210659206981864
-2.2250789584259403
-1.8874464672101443
-1.562498927440754
-1.9252046058569972
-1.8703564180086645
-2.059700416767939
-2.4064611983460624
-2.6198480014803636
-2.23274687067294
-2.268401304967992
-2.245136055066065
-2.0404410395873014
-1.8366889849379178
-1.823424766151127
-1.6488245340039982
-1.7435078706011218
-1.7844107470275332
-2.0774249348245575
-1.9119541138042255
-2.179557028813237
-1.6741767304992419
-1.7601967331563724
-1.9189398649857734
-1.6768133065441928
-2.179089343509143
-1.7809824840588557
-1.4013643966160838
-1.8507993313816142
-2.0015168373766885
-1.7731719883252364
-1.5562816806814208
-1.7706626540610069
-2.3111101934291396
-1.9669972938553804
-1.7820939998887226
-2.0478139898183403
-2.0954926643170078
-2.1223758822895413
-3.1882417129088236
-3.588463626313039
-3.6174313821956923
-2.368819903022011
-1.9695128406775873
-1.7403887497967794
-1.5426757275764325
-1.5809740787117796
-2.2041410414917424
-2.8071774814471415
-4.422677385176995
-4.883825301655716
-4.506625167325938
-4.413712849628484
-4.3017035701183675
-3.943698998112632
-3.8553216735197657
-3.9490579339541485
-3.5149483119323808
-3.4982806351566214
-3.5137100096615037
-3.260917078015051
-3.102854541409632
-2.833294784516454
-3.018916718312855
-2.7999224344455143
-2.9143136085534462
-2.7804355415011424
-2.668396213456854
-2.780485467067935
-2.88070085997534
-3.011437529900729
-3.840645666672087
-3.9337406854698456
-3.542849119651269
-3.7077400083026153
-3.5057316448678106
-3.2717595565370345
-3.1792688051605187
-3.089002182468382
-3.060505855559669
-3.0449782651664035
-3.021343595516493
-2.350482432984297
-2.9097683343676177
-2.940363698526401
-3.077339684850021
-3.318709119486115
-2.8588433224476217
-2.8900746859671385
-3.039686002087738
-2.926808833151141
-3.1111248490356243
-3.4035003146247518
-3.4326231073559614
-3.0901143756843616
-2.911488443409261
-3.0900816662609443
-3.3624634601157166
-3.221462331529478
-2.9470917666616976
-2.916863412504676
-2.6557444236477408
-2.785465890152515
-3.098051637176247
-2.665081967682468
-2.346492557453638
-2.4437002590346086
-2.261538424359861
-2.321601697973394
-2.273258690184197
-2.039519229531671
-2.1842588524502182
-2.127138379086674
-1.951501136907069
-1.9828403360552966
-1.7953612077335876
-1.6681857789120238
-1.5967659000910017
-1.6454209350896702
-1.508583827051818
-1.9015221233289126
-1.7293766003310191
-1.850801554611998
-1.3808554175248844
-1.6559693672939497
-1.6324080259695444
-1.529233918961905
-1.4510624878808602
-1.3566577073865387
-1.4819332656903976
-1.539047220860031
-1.8402663381134856
-1.693226061986783
-1.293151649559601
-1.5863590917334562
-1.3399676414914306
-1.4367259015846134
-1.3276959034469094
-1.1489786177047892
-1.0616549392200043
-1.1775302565443182
-1.1213252351861764
-1.0020887785330532
-1.0100372332879
-1.222915565976928
-0.9111556719290415
-0.8393284261477737
-0.9298140019100047
-1.5349881384000017
-1.9321511672235216
-2.196063249706998
-1.5478891030863255
-1.8693508029966663
-1.6475174997774396
-1.2208925073295835
-1.1369083293945583
-1.2926267346072917
-1.0467466726205927
-1.1374271716431905
-0.8539640490632485
-0.8899728994648177
-1.0438743201103322
-0.7798725584240629
-0.7430358841355534
-0.758742878425798
-0.7177385415883281
-0.6982242155683366
-0.678398702113583
-0.9081157155646946
-0.8351680343189528
-1.5827412778844232
-1.0455404879950188
-0.9123788549484562
-0.8400807834220965
-0.8928943911267526
-1.0410064134436658
-1.107828937374616
-1.039410265929443
-0.9778726255331247
-0.8820814132442609
-1.0897143746432356
-0.5814323019123244
-0.680891610769603
-1.319222289105068
-0.7635084160100751
-1.842130734321193
-1.223981424990356
-0.9110597777850653
-0.9503706902776448
-1.0438001285662606
-0.6296911012323083
-0.7228137532825034
-1.0791858885553587
-0.7869811548470006
-0.6834635976249718
-0.6111936963143271
-0.7002837696529471
-1.2795809884008258
-1.5024714444215375
-2.301646159860439
-2.5467518954686175
-1.5326709931015645
-0.9664462166204735
-0.9203033274606764
-1.8197422511411685
-2.375292128122106
-4.990690658371337
-4.430230644404543
-4.241558887860938
-4.194255906710359
-3.945907470474939
-4.0489497651605335
-3.818478890737268
-3.361724304674421
-3.47614634049835
-3.341934547225936
-3.19640339044912
-3.213260292649963
-2.9030708658174125
-2.65746879114226
-1.3833358560396878
-0.6302520106230636
-0.34925371821880125
-0.221529256865076
0.1460077439654378
0.2864164492467328
0.25550018219274007
-0.5447127223549442
-0.3403817402685577
-0.4009043780294017
-1.3799824233607645
-2.0751772505957033
-2.7267642040290294
-4.127012293415637
-2.3580314925736454
-1.0904217716924898
-0.3697295911129109
-0.23888350451205373
0.09452612857839082
0.4049814961825067
0.2893058179659904
0.26953019528416955
0.1935785539010673
0.49293309061816815
0.5890186860505513
-0.005185949120225186
-0.3844354744152938
-1.1217147629313766
-1.643841436998466
-2.081934575544267
-2.0468211205990934
-1.5246756048845842
-1.2691941459700016
-1.0806498150668837
-2.076667969149317
-1.2507936536653992
-0.43217507128746935
-0.096093510625191
0.42243170922872586
0.08001310126239791
-0.05734082683147712
-0.006567986574263857
-0.23572314436818523
-0.3686655790154516
-0.16221623441752173
0.14160774017231753
0.19544389532871637
0.23561516913928077
-0.05905949558587667
-0.5869397555686492
0.37912358196598295
0.4707942733433377
0.8584094507695352
1.005544011234666
1.1065623668577604
1.072385643885747
1.1652657976557328
1.1128291479184615
1.288760105165332
1.2417776807006482
1.2925229940334686
1.206006649549034
1.3665559281202533
1.26177660273032
1.263255839584142
1.4806236216787945
1.616879093393526
1.5196509655539208
1.7189944319831554
1.844387451583543
1.757806277710724
1.3592669572127765
1.7566490502498253
1.5018140820235772
1.377945469958011
1.4387694405960882
1.3489347903771363
1.4233361838645164
1.4396386696882075
1.6320573316715894
1.5808518744499989
1.8227507413804993
1.5320439995053772
0.9464529653518716
0.15027006695929943
-1.3989553276194155
-3.383124661417595
-2.6091848471766452
-3.2610782819860327
-0.822241605726222
0.13583590244022037
-0.021860629145582067
0.0890194978501768
0.38595886084244535
0.47942000375266247
0.45588698422873286
0.6361778827440293
0.009733207472357688
0.23656587532787565
-0.055837170355208354
0.1817091953051775
0.46691952324236685
-0.1872385402448686
-0.41497076111258746
-0.006109357523569697
0.5543163602495833
0.7146752884763204
0.29555859157319136
0.4747755439004413
0.4587205149111986
0.9666367654805985
0.9300366669761643
1.220703809861169
1.2027230066931789
0.618568771929331
1.035425337256597
1.4453844696917644
1.2661346226385337
0.9158907926116127
0.7808738650002152
0.8971921349391039
1.1049785522999251
0.9866035113937408
0.9942382959908456
1.3258683564994738
1.1274095636025385
1.1836927984670722
1.329980895843391
1.326869600065959
0.7119734191007067
0.8521781364836419
1.2176342594922867
-0.9220571405201596
-1.0330661093874671
-0.9900901799096156
-0.2146246508399919
-0.8011572337162319
0.07832389977806947
0.28587786888228917
0.23453405707683678
0.9191405756330177
0.8034575443761331
1.1597681729684308
1.3753177407089718
1.3909457720476224
0.9692972180862163
0.7045799298711117
0.6796939643925115
-0.6364433340449414
-1.1941075813677762
-2.4745555866801454
-2.0876586943419984
-0.3693257798278662
-1.5866253592105832
-2.9926606052707436
-1.5047147225587851
-1.2033927074202067
-1.8696497848625864
-3.386018516224221
-2.349475144269323
-1.394029306973457
-0.8348803245548375
-0.4155727938153845
-0.2145275377782124
-0.4393478967071157
-0.7284398274517271
-0.8397032880017715
-0.2929991734025348
0.2250887277125409
0.5149759752428794
0.7121000432564561
0.7399119102932771
0.769139697927823
0.7083348775295802
0.7648845933945034
0.23474109507920793
0.40598543824258615
-0.2975240949425284
0.2168531400666167
0.36611334086088365
0.20622120057202584
0.5156456236238548
0.6946356937462017
0.839978372553363
0.3767443521170484
0.966543451619702
0.6842950252435058
0.6116965118338629
0.1745252260141147
0.3157164638365043
0.23696189819944885
0.1246276861912618
0.10325229808608269
-1.464194997343689
-0.9371275047672034
-1.6785747778315547
-2.4261207762057753
-1.3489080153575723
-0.844559059042038
-0.8252989345141399
-2.406867827458568
-0.8654406447710605
-1.0294825612557272
-2.2760515981269855
-0.5918502651459743
-0.3596530623257138
-0.596673126815965
-0.5546293668010277
-1.0394855988915108
-0.9805847865677737
-0.1706380753189756
-1.0877242068464523
-1.3217953116133434
-2.0564037456420383
-1.5017469592811208
-1.7804352119897868
-0.6755470330652856
-2.5859769405247324
-1.041363339476831
-1.6405798748963774
-1.6386819596194746
-0.2915997338613543
0.6554730979652496
0.7130140226036408
0.9753474771191765
0.7298444062994437
0.8224532470791631
-0.3584173687462425
-1.1302304087735362
-0.5390213401629304
0.3758203057008641
0.7485724597787907
0.5480938691064842
-1.0771785318588327
-0.3623097179921142
0.41249245511326127
0.5577412097416967
0.8695481857363652
0.7899861009870632
1.0164688505167199
0.9491463064037065
0.8423968277789636
0.9343271131979719
0.8095683094171509
0.7958631998113888
0.9550444318694269
0.680302595293667
-0.580354840581024
-0.13719806626552591
0.47535670468315105
0.7378836037247248
0.27401107390670787
-0.44759971252357134
-2.9252184875071117
-2.330101928790982
-0.8820682904775119
-1.2401483623580032
-0.2604934808363336
0.12548709684090195
-0.03234919761740854
-0.26560638313668405
-0.37327159205752547
-0.41702335022513093
-0.8645693397969537
-0.06915811593676593
0.39674290470616935
0.2832643089794563
0.3040961498414538
0.6672704521548758
0.7246864378798529
0.8221820139862605
0.2559124162943506
-0.784193954123431
-0.30963858347797435
-1.1835516065130387
-1.9668095146847266
-2.444916598598862
-0.7324190721764177
-1.9735541280507347
-0.3349301710210335
0.22129164672101537
0.5391362242939837
0.5769905012087796
0.4552666217264284
0.6177140210958928
-0.19842385468546278
0.36206019380891075
0.5647901171152268
0.2562802604184171
-1.085078373741317
-0.3656858195019552
0.2905428761962655
-0.007805013936788563
-2.0251739964659596
-0.6615214035151308
-1.4255644026142569
-0.36583833137301003
0.35475457928762916
1.0126781019798146
0.752154613432496
0.7051125136096477
-0.8717687930261032
-0.35663068684010457
0.6363040699828257
0.1186876486388325
-2.053965865967524
-0.2712540052045931
-0.23929525407345856
-0.9821660884922621
0.292125284585225
0.15976188049461015
-1.5510151930054397
-1.802006605823948
-2.934018633480366
-2.425416771103919
-1.0790086731964428
-0.9429504905444381
-1.2817274850923361
-0.9445581330715143
-0.8398841389568115
-0.9033280243696642
-0.7767538683541751
-0.4431362654611628
-0.8928143359436436
-0.024200370933018633
-0.17874386356304076
0.1788759494392421
0.25394098687366584
0.09209315893614886
-0.4918365082280832
-0.08115088923831965
-0.5424010103648977
-1.444576269756733
-0.372984902660517
-0.6396960919435201
-0.7741082203226246
-0.3153266077731065
-0.944991660335623
-0.6000193418239761
-0.09064112900100482
0.4989870846102906
0.757448479045068
0.8778101632641759
0.5632892520239161
0.6685872972920437
0.07525728937715902
-0.15682966008912072
-0.07330015814179683
-0.45587730189176146
-0.4354852833898545
0.08213872353338153
0.19484770031612927
-0.03825204279561345
-0.41429284343425477
-0.2723061128668003
-2.524749823529981
-4.019265058323857
-3.608959970636941
-3.5866746906590574
-3.30277725582257
